Q and R for epsilon = 0.000100 using classical GSP
Q =

   0.999999995000000   0.000070710677866   0.000040824828876
   0.000099999999500  -0.707106775883247  -0.408248287161463
                   0   0.707106782954315  -0.408248290364194
                   0                   0   0.816496581608140


R =

   1.000000005000000   0.999999995000000   0.999999995000000
                   0   0.000141421355884   0.000070710677866
                   0                   0   0.000122474487037

QR:
ans =

   1.000000000000000   1.000000000000000   1.000000000000000
   0.000100000000000  -0.000000000000000                   0
                   0   0.000100000000000                   0
                   0                   0   0.000100000000000

Q^TQ:
ans =

   1.000000000000000   0.000000000000277   0.000000000000160
   0.000000000000277   1.000000000000000  -0.000000002264673
   0.000000000000160  -0.000000002264673   1.000000000000000

Q and R for epsilon = 0.000100 using modified GSP
Q =

   0.999999995000000   0.000070710677866   0.000040824829036
   0.000099999999500  -0.707106775883247  -0.408248288762828
                   0   0.707106782954315  -0.408248288762829
                   0                   0   0.816496581608140


R =

   1.000000005000000   0.999999995000000   0.999999995000000
                   0   0.000141421355884   0.000070710677588
                   0                   0   0.000122474487037

QR:
ans =

   1.000000000000000   1.000000000000000   1.000000000000000
   0.000100000000000  -0.000000000000000                   0
                   0   0.000100000000000                   0
                   0                   0   0.000100000000000

Q^TQ:
ans =

   1.000000000000000   0.000000000000277   0.000000000000160
   0.000000000000277   1.000000000000000  -0.000000000000000
   0.000000000000160  -0.000000000000000   1.000000000000000

Q and R for epsilon = 0.000100 using Householder
Q =

  Columns 1 through 3

  -0.999999995000000   0.000070710677588   0.000040824828876
  -0.000099999999500  -0.707106775883246  -0.408248288762828
                   0   0.707106782954315  -0.408248288762828
                   0                   0   0.816496581608140

  Column 4

  -0.000057735026823
   0.577350268227375
   0.577350268227375
   0.577350268227375


R =

  -1.000000005000000  -0.999999995000000  -0.999999995000000
   0.000000000000000   0.000141421355884   0.000070710677588
                   0   0.000000000000000   0.000122474487037
                   0                   0                   0

QR:
ans =

   0.999999999999999   0.999999999999999   0.999999999999999
   0.000100000000000   0.000000000000000   0.000000000000000
   0.000000000000000   0.000100000000000   0.000000000000000
                   0   0.000000000000000   0.000100000000000

Q^TQ:
ans =

  Columns 1 through 3

   0.999999999999999   0.000000000000000   0.000000000000000
   0.000000000000000   1.000000000000000  -0.000000000000000
   0.000000000000000  -0.000000000000000   1.000000000000000
  -0.000000000000000   0.000000000000000   0.000000000000000

  Column 4

  -0.000000000000000
   0.000000000000000
   0.000000000000000
   1.000000000000000

Q and R for epsilon = 0.000100 using built-in
Q =

  Columns 1 through 3

  -0.999999995000000   0.000070710677588   0.000040824828876
  -0.000099999999500  -0.707106775883247  -0.408248288762829
                   0   0.707106782954315  -0.408248288762829
                   0                   0   0.816496581608140

  Column 4

  -0.000057735026823
   0.577350268227375
   0.577350268227375
   0.577350268227375


R =

  -1.000000005000000  -0.999999995000000  -0.999999995000000
                   0   0.000141421355884   0.000070710677588
                   0                   0   0.000122474487037
                   0                   0                   0

QR:
ans =

   1.000000000000000   1.000000000000000   1.000000000000000
   0.000100000000000  -0.000000000000000  -0.000000000000000
                   0   0.000100000000000                   0
                   0                   0   0.000100000000000

Q^TQ:
ans =

  Columns 1 through 3

   1.000000000000000                   0                   0
                   0   1.000000000000000                   0
                   0                   0   1.000000000000000
  -0.000000000000000  -0.000000000000000  -0.000000000000000

  Column 4

  -0.000000000000000
  -0.000000000000000
  -0.000000000000000
   1.000000000000000

Q and R for epsilon = 0.000001 using classical GSP
Q =

   0.999999999999500   0.000000707169643   0.000000408248287
   0.000001000000000  -0.707106781186017  -0.408211996414818
                   0   0.707106781186724  -0.408284583437063
                   0                   0   0.816496579852289


R =

   1.000000000000500   0.999999999999500   0.999999999999500
                   0   0.000001414213562   0.000000707169643
                   0                   0   0.000001224744873

QR:
ans =

   1.000000000000000   1.000000000000000   1.000000000000000
   0.000001000000000                   0                   0
                   0   0.000001000000000                   0
                   0                   0   0.000001000000000

Q^TQ:
ans =

   1.000000000000000   0.000000000062862   0.000000000036290
   0.000000000062862   1.000000000000000  -0.000051326775655
   0.000000000036290  -0.000051326775655   1.000000000000000

Q and R for epsilon = 0.000001 using modified GSP
Q =

   0.999999999999500   0.000000707169643   0.000000408284584
   0.000001000000000  -0.707106781186017  -0.408248290463693
                   0   0.707106781186724  -0.408248290463693
                   0                   0   0.816496580927794


R =

   1.000000000000500   0.999999999999500   0.999999999999500
                   0   0.000001414213562   0.000000707106781
                   0                   0   0.000001224744871

QR:
ans =

   1.000000000000000   1.000000000000000   1.000000000000000
   0.000001000000000                   0                   0
                   0   0.000001000000000                   0
                   0                   0   0.000001000000000

Q^TQ:
ans =

   1.000000000000000   0.000000000062862   0.000000000036294
   0.000000000062862   1.000000000000000  -0.000000000000000
   0.000000000036294  -0.000000000000000   1.000000000000000

Q and R for epsilon = 0.000001 using Householder
Q =

  Columns 1 through 3

  -0.999999999999500   0.000000707106781   0.000000408248290
  -0.000001000000000  -0.707106781186017  -0.408248290463693
                   0   0.707106781186724  -0.408248290463693
                   0                   0   0.816496580927794

  Column 4

  -0.000000577350269
   0.577350269189529
   0.577350269189529
   0.577350269189530


R =

  -1.000000000000500  -0.999999999999500  -0.999999999999500
                   0   0.000001414213562   0.000000707106781
                   0                   0   0.000001224744871
                   0                   0   0.000000000000000

QR:
ans =

   1.000000000000000   1.000000000000000   1.000000000000000
   0.000001000000000  -0.000000000000000  -0.000000000000000
                   0   0.000001000000000   0.000000000000000
                   0                   0   0.000001000000000

Q^TQ:
ans =

  Columns 1 through 3

   1.000000000000000  -0.000000000000000  -0.000000000000000
  -0.000000000000000   1.000000000000000   0.000000000000000
  -0.000000000000000   0.000000000000000   1.000000000000000
                   0  -0.000000000000000   0.000000000000000

  Column 4

                   0
  -0.000000000000000
   0.000000000000000
   1.000000000000000

Q and R for epsilon = 0.000001 using built-in
Q =

  Columns 1 through 3

  -0.999999999999500   0.000000707106781   0.000000408248290
  -0.000001000000000  -0.707106781186017  -0.408248290463693
                   0   0.707106781186724  -0.408248290463693
                   0                   0   0.816496580927794

  Column 4

  -0.000000577350269
   0.577350269189530
   0.577350269189529
   0.577350269189529


R =

  -1.000000000000500  -0.999999999999500  -0.999999999999500
                   0   0.000001414213562   0.000000707106781
                   0                   0   0.000001224744871
                   0                   0                   0

QR:
ans =

   1.000000000000000   1.000000000000000   1.000000000000000
   0.000001000000000   0.000000000000000   0.000000000000000
                   0   0.000001000000000                   0
                   0                   0   0.000001000000000

Q^TQ:
ans =

  Columns 1 through 3

   1.000000000000000                   0                   0
                   0   1.000000000000000  -0.000000000000000
                   0  -0.000000000000000   1.000000000000000
                   0   0.000000000000000   0.000000000000000

  Column 4

                   0
   0.000000000000000
   0.000000000000000
   1.000000000000000

Q and R for epsilon = 0.000000 using classical GSP
Q =

   1.000000000000000                   0                   0
   0.000000010000000  -0.707106781186548  -0.707106781186548
                   0   0.707106781186548                   0
                   0                   0   0.707106781186548


R =

   1.000000000000000   1.000000000000000   1.000000000000000
                   0   0.000000014142136                   0
                   0                   0   0.000000014142136

QR:
ans =

   1.000000000000000   1.000000000000000   1.000000000000000
   0.000000010000000                   0                   0
                   0   0.000000010000000                   0
                   0                   0   0.000000010000000

Q^TQ:
ans =

   1.000000000000000  -0.000000007071068  -0.000000007071068
  -0.000000007071068   1.000000000000000   0.500000000000000
  -0.000000007071068   0.500000000000000   1.000000000000000

Q and R for epsilon = 0.000000 using modified GSP
Q =

   1.000000000000000                   0                   0
   0.000000010000000  -0.707106781186548  -0.408248290463863
                   0   0.707106781186548  -0.408248290463863
                   0                   0   0.816496580927726


R =

   1.000000000000000   1.000000000000000   1.000000000000000
                   0   0.000000014142136   0.000000007071068
                   0                   0   0.000000012247449

QR:
ans =

   1.000000000000000   1.000000000000000   1.000000000000000
   0.000000010000000                   0                   0
                   0   0.000000010000000                   0
                   0                   0   0.000000010000000

Q^TQ:
ans =

   1.000000000000000  -0.000000007071068  -0.000000004082483
  -0.000000007071068   1.000000000000000  -0.000000000000000
  -0.000000004082483  -0.000000000000000   1.000000000000000

Q and R for epsilon = 0.000000 using Householder
Q =

  Columns 1 through 3

  -1.000000000000000   0.000000007071068   0.000000004082483
  -0.000000010000000  -0.707106781186547  -0.408248290463863
                   0   0.707106781186548  -0.408248290463863
                   0                   0   0.816496580927726

  Column 4

  -0.000000005773503
   0.577350269189626
   0.577350269189626
   0.577350269189626


R =

  -1.000000000000000  -1.000000000000000  -1.000000000000000
                   0   0.000000014142136   0.000000007071068
                   0  -0.000000000000000   0.000000012247449
                   0                   0  -0.000000000000000

QR:
ans =

   1.000000000000000   1.000000000000000   1.000000000000000
   0.000000010000000  -0.000000000000000  -0.000000000000000
                   0   0.000000010000000  -0.000000000000000
                   0  -0.000000000000000   0.000000010000000

Q^TQ:
ans =

  Columns 1 through 3

   1.000000000000000                   0  -0.000000000000000
                   0   1.000000000000000  -0.000000000000000
  -0.000000000000000  -0.000000000000000   1.000000000000000
   0.000000000000000                   0  -0.000000000000000

  Column 4

   0.000000000000000
                   0
  -0.000000000000000
   1.000000000000000

Q and R for epsilon = 0.000000 using built-in
Q =

  Columns 1 through 3

  -1.000000000000000   0.000000007071068   0.000000004082483
  -0.000000010000000  -0.707106781186548  -0.408248290463863
                   0   0.707106781186547  -0.408248290463863
                   0                   0   0.816496580927726

  Column 4

  -0.000000005773503
   0.577350269189626
   0.577350269189626
   0.577350269189626


R =

  -1.000000000000000  -1.000000000000000  -1.000000000000000
                   0   0.000000014142136   0.000000007071068
                   0                   0   0.000000012247449
                   0                   0                   0

QR:
ans =

   1.000000000000000   1.000000000000000   1.000000000000000
   0.000000010000000  -0.000000000000000  -0.000000000000000
                   0   0.000000010000000   0.000000000000000
                   0                   0   0.000000010000000

Q^TQ:
ans =

  Columns 1 through 3

   1.000000000000000                   0                   0
                   0   1.000000000000000   0.000000000000000
                   0   0.000000000000000   1.000000000000000
                   0  -0.000000000000000  -0.000000000000000

  Column 4

                   0
  -0.000000000000000
  -0.000000000000000
   1.000000000000000

